 16560     -1.0143501      8.6231899    -10.2202797      0.2905200      0.6203200      0.7285600     64.9044800     43.2341499  63.40000      0.1253310E+20  0.1492226E+20  0.1363610E+20  
 16620     -1.0231500      8.6195498    -10.2345695      0.2905200      0.6203200      0.7285600     64.9044800     43.2341499  63.40000      0.1237395E+20  0.1475678E+20  0.1347346E+20  
 16680     -1.0319400      8.6158895    -10.2488403      0.2905200      0.6203200      0.7285600     64.9044800     43.2341499  63.40000      0.1246566E+20  0.1487918E+20  0.1357933E+20  
 16740     -1.0407300      8.6122103    -10.2630901      0.2905200      0.6203200      0.7285600     64.9044800     43.2341499  63.40000      0.1255505E+20  0.1497963E+20  0.1367411E+20  
 16800     -1.0495100      8.6085100    -10.2773104      0.2905200      0.6203200      0.7285600     64.9044800     43.2341499  63.40000      0.1262462E+20  0.1505115E+20  0.1374487E+20  
 16860     -1.0583000      8.6047897    -10.2915201      0.2905200      0.6203200      0.7285600     64.9044800     43.2341499  63.40000      0.1265433E+20  0.1507255E+20  0.1377098E+20  
 16920     -1.0670800      8.6010504    -10.3056898      0.2905200      0.6203200      0.7285600     64.9044800     43.2341499  63.40000      0.1254104E+20  0.1493170E+20  0.1364492E+20  
 16980     -1.0758600      8.5972996    -10.3198500      0.2905200      0.6203200      0.7285600     64.9044800     43.2341499  63.40000      0.1243128E+20  0.1481247E+20  0.1353054E+20  
 17040     -1.0846400      8.5935202    -10.3339796      0.2905200      0.6203200      0.7285600     64.9044800     43.2341499  63.40000      0.1241117E+20  0.1479922E+20  0.1351347E+20  
 17100     -1.0934100      8.5897303    -10.3480797      0.2905200      0.6203200      0.7285600     64.9044800     43.2341499  63.40000      0.1242260E+20  0.1481038E+20  0.1352491E+20  
 17160     -1.1021800      8.5859203    -10.3621702      0.2905200      0.6203200      0.7285600     64.9044800     43.2341499  63.40000      0.1239284E+20  0.1477281E+20  0.1349157E+20  
 17220     -1.1109500      8.5820799    -10.3762302      0.2905200      0.6203200      0.7285600     64.9044800     43.2341499  63.40000      0.1232358E+20  0.1469247E+20  0.1341713E+20  
 17280     -1.1197200      8.5782299    -10.3902597      0.2905200      0.6203200      0.7285600     64.9044800     43.2341499  63.40000      0.1226139E+20  0.1462592E+20  0.1335270E+20  
 17340     -1.1284900      8.5743599    -10.4042797      0.2905200      0.6203200      0.7285600     64.9044800     43.2341499  63.40000      0.1221532E+20  0.1458273E+20  0.1330760E+20  
 17400     -1.1372499      8.5704699    -10.4182596      0.2905200      0.6203200      0.7285600     64.9044800     43.2341499  63.40000      0.1227955E+20  0.1467225E+20  0.1338325E+20  
 17460     -1.1460100      8.5665598    -10.4322395      0.2905200      0.6203200      0.7285600     64.9044800     43.2341499  63.40000      0.1237247E+20  0.1478342E+20  0.1348470E+20  
 17520     -1.1547700      8.5626402    -10.4461803      0.2905200      0.6203200      0.7285600     64.9044800     43.2341499  63.40000      0.1258633E+20  0.1502661E+20  0.1371254E+20  
 17580     -1.1635300      8.5586901    -10.4601002      0.2905200      0.6203200      0.7285600     64.9044800     43.2341499  63.40000      0.1279193E+20  0.1525514E+20  0.1392912E+20  
 17640     -1.1722800      8.5547304    -10.4740000      0.2905200      0.6203200      0.7285600     64.9044800     43.2341499  63.40000      0.1289836E+20  0.1535998E+20  0.1403519E+20  
 17700     -1.1810300      8.5507402    -10.4878597      0.2905200      0.6203200      0.7285600     64.9044800     43.2341499  63.40000      0.1273918E+20  0.1517011E+20  0.1386150E+20  
 17760     -1.1897800      8.5467501    -10.5017204      0.2905200      0.6203200      0.7285600     64.9044800     43.2341499  63.40000      0.1262921E+20  0.1506624E+20  0.1375394E+20  
 17820     -1.1985300      8.5427198    -10.5155401      0.2905200      0.6203200      0.7285600     64.9044800     43.2341499  63.40000      0.1277495E+20  0.1523914E+20  0.1391244E+20  
 17880     -1.2072700      8.5386896    -10.5293503      0.2905200      0.6203200      0.7285600     64.9044800     43.2341499  63.40000      0.1282268E+20  0.1528674E+20  0.1396029E+20  
 17940     -1.2160200      8.5346298    -10.5431299      0.2905200      0.6203200      0.7285600     64.9044800     43.2341499  63.60000      0.1287652E+20  0.1533832E+20  0.1401333E+20  
 18000     -1.2247601      8.5305595    -10.5568895      0.2905200      0.6203200      0.7285600     64.9044800     43.2341499  63.60000      0.1284925E+20  0.1529116E+20  0.1397717E+20  
 18060     -1.2334900      8.5264702    -10.5706301      0.2905200      0.6203200      0.7285600     64.9044800     43.2341499  63.60000      0.1272162E+20  0.1513592E+20  0.1383676E+20  
 18120     -1.2422301      8.5223503    -10.5843296      0.2905200      0.6203200      0.7285600     64.9044800     43.2341499  63.60000      0.1251287E+20  0.1490096E+20  0.1361558E+20  
 18180     -1.2509600      8.5182304    -10.5980196      0.2905200      0.6203200      0.7285600     64.9044800     43.2341499  63.60000      0.1225925E+20  0.1461435E+20  0.1334618E+20  
 18240     -1.2596900      8.5140800    -10.6116896      0.2905200      0.6203200      0.7285600     64.9044800     43.2341499  63.60000      0.1194702E+20  0.1428398E+20  0.1302459E+20  
 18300     -1.2684200      8.5099096    -10.6253300      0.2905200      0.6203200      0.7285600     64.9044800     43.2341499  63.60000      0.1206681E+20  0.1445753E+20  0.1316877E+20  
 18360     -1.2771400      8.5057297    -10.6389503      0.2905200      0.6203200      0.7285600     64.9044800     43.2341499  63.60000      0.1230604E+20  0.1474161E+20  0.1342880E+20  
 18420     -1.2858599      8.5015297    -10.6525402      0.2905200      0.6203200      0.7285600     64.9044800     43.2341499  63.60000      0.1248771E+20  0.1494942E+20  0.1362279E+20  
 18480     -1.2945800      8.4973097    -10.6661196      0.2905200      0.6203200      0.7285600     64.9044800     43.2341499  63.60000      0.1276701E+20  0.1526567E+20  0.1391960E+20  
 18540     -1.3033000      8.4930801    -10.6796703      0.2905200      0.6203200      0.7285600     64.9044800     43.2341499  63.60000      0.1302919E+20  0.1555491E+20  0.1419471E+20  
 18600     -1.3120100      8.4888201    -10.6931896      0.2905200      0.6203200      0.7285600     64.9044800     43.2341499  63.60000      0.1315508E+20  0.1568780E+20  0.1432405E+20  
 18660     -1.3207200      8.4845505    -10.7067003      0.2905200      0.6203200      0.7285600     64.9044800     43.2341499  63.60000      0.1313973E+20  0.1567753E+20  0.1431085E+20  
 18720     -1.3294300      8.4802504    -10.7201796      0.2905200      0.6203200      0.7285600     64.9044800     43.2341499  63.60000      0.1333620E+20  0.1591593E+20  0.1452681E+20  
 18780     -1.3381400      8.4759502    -10.7336397      0.2905200      0.6203200      0.7285600     64.9044800     43.2341499  63.60000      0.1352374E+20  0.1612555E+20  0.1472489E+20  
 18840     -1.3468400      8.4716196    -10.7470798      0.2905200      0.6203200      0.7285600     64.9044800     43.2341499  63.60000      0.1349324E+20  0.1607835E+20  0.1468679E+20  
 18900     -1.3555400      8.4672804    -10.7604799      0.2905200      0.6203200      0.7285600     64.9044800     43.2341499  63.60000      0.1343341E+20  0.1601498E+20  0.1462515E+20  
 18960     -1.3642401      8.4629202    -10.7738800      0.2905200      0.6203200      0.7285600     64.9044800     43.2341499  63.60000      0.1338153E+20  0.1595798E+20  0.1457089E+20  
 19020     -1.3729399      8.4585400    -10.7872400      0.2905200      0.6203200      0.7285600     64.9044800     43.2341499  63.60000      0.1327433E+20  0.1582890E+20  0.1445358E+20  
 19080     -1.3816299      8.4541397    -10.8005800      0.2905200      0.6203200      0.7285600     64.9044800     43.2341499  63.60000      0.1312485E+20  0.1565656E+20  0.1429352E+20  
 19140     -1.3903199      8.4497299    -10.8139095      0.2905200      0.6203200      0.7285600     64.9044800     43.2341499  63.60000      0.1299250E+20  0.1550486E+20  0.1415217E+20  
 19200     -1.3990099      8.4452896    -10.8271999      0.2905200      0.6203200      0.7285600     64.9044800     43.2341499  63.60000      0.1285672E+20  0.1534618E+20  0.1400559E+20  
 19260     -1.4076900      8.4408503    -10.8404799      0.2905200      0.6203200      0.7285600     64.9044800     43.2341499  63.60000      0.1266280E+20  0.1513145E+20  0.1380158E+20  
 19320     -1.4163700      8.4363804    -10.8537302      0.2905200      0.6203200      0.7285600     64.9044800     43.2341499  63.60000      0.1254314E+20  0.1501716E+20  0.1368379E+20  
 19380     -1.4250500      8.4319000    -10.8669596      0.2905200      0.6203200      0.7285600     64.9044800     43.2341499  63.60000      0.1272370E+20  0.1524451E+20  0.1388600E+20  
 19440     -1.4337300      8.4273996    -10.8801699      0.2905200      0.6203200      0.7285600     64.9044800     43.2341499  63.60000      0.1301903E+20  0.1557425E+20  0.1419747E+20  
 19500     -1.4424000      8.4228802    -10.8933496      0.2905200      0.6203200      0.7285600     64.9044800     43.2341499  63.60000      0.1311723E+20  0.1569395E+20  0.1430551E+20  
 19560     -1.4510700      8.4183502    -10.9065104      0.2905200      0.6203200      0.7285600     64.9044800     43.2341499  63.60000      0.1334822E+20  0.1596643E+20  0.1455575E+20  
 19620     -1.4597400      8.4137897    -10.9196501      0.2905200      0.6203200      0.7285600     64.9044800     43.2341499  63.60000      0.1359195E+20  0.1625342E+20  0.1481966E+20  
 19680     -1.4684100      8.4092197    -10.9327602      0.2905200      0.6203200      0.7285600     64.9044800     43.2341499  63.80000      0.1377040E+20  0.1645400E+20  0.1500850E+20  
 19740     -1.4770700      8.4046402    -10.9458599      0.2905200      0.6203200      0.7285600     64.9044800     43.2341499  63.80000      0.1379946E+20  0.1648413E+20  0.1503809E+20  
 19800     -1.4857301      8.4000301    -10.9589195      0.2905200      0.6203200      0.7285600     64.9044800     43.2341499  63.80000      0.1385173E+20  0.1654387E+20  0.1509398E+20  
 19860     -1.4943900      8.3954201    -10.9719801      0.2905200      0.6203200      0.7285600     64.9044800     43.2341499  63.80000      0.1392925E+20  0.1662766E+20  0.1517469E+20  
 19920     -1.5030400      8.3907804    -10.9849997      0.2905200      0.6203200      0.7285600     64.9044800     43.2341499  63.80000      0.1411583E+20  0.1683398E+20  0.1537082E+20  
 19980     -1.5116900      8.3861198    -10.9980001      0.2905200      0.6203200      0.7285600     64.9044800     43.2341499  63.80000      0.1418532E+20  0.1689855E+20  0.1543810E+20  
 20040     -1.5203400      8.3814497    -11.0109797      0.2905200      0.6203200      0.7285600     64.9044800     43.2341499  63.80000      0.1394478E+20  0.1663952E+20  0.1518823E+20  
 20100     -1.5289800      8.3767595    -11.0239296      0.2905200      0.6203200      0.7285600     64.9044800     43.2341499  63.80000      0.1391144E+20  0.1663283E+20  0.1516651E+20  
 20160     -1.5376300      8.3720598    -11.0368700      0.2905200      0.6203200      0.7285600     64.9044800     43.2341499  63.80000      0.1406720E+20  0.1683765E+20  0.1534472E+20  
 20220     -1.5462700      8.3673401    -11.0497799      0.2905200      0.6203200      0.7285600     64.9044800     43.2341499  63.80000      0.1448184E+20  0.1730379E+20  0.1578375E+20  
 20280     -1.5549001      8.3626003    -11.0626698      0.2905200      0.6203200      0.7285600     64.9044800     43.2341499  63.80000      0.1473911E+20  0.1758844E+20  0.1605404E+20  
 20340     -1.5635400      8.3578501    -11.0755396      0.2905200      0.6203200      0.7285600     64.9044800     43.2341499  63.80000      0.1487911E+20  0.1774324E+20  0.1620123E+20  
 20400     -1.5721700      8.3530703    -11.0883799      0.2905200      0.6203200      0.7285600     64.9044800     43.2341499  63.80000      0.1500008E+20  0.1786424E+20  0.1632284E+20  
 20460     -1.5807900      8.3482904    -11.1012001      0.2905200      0.6203200      0.7285600     64.9044800     43.2341499  63.80000      0.1500844E+20  0.1785548E+20  0.1632381E+20  
 20520     -1.5894200      8.3434801    -11.1140003      0.2905200      0.6203200      0.7285600     64.9044800     43.2341499  63.80000      0.1490564E+20  0.1772186E+20  0.1620709E+20  
 20580     -1.5980400      8.3386602    -11.1267700      0.2905200      0.6203200      0.7285600     64.9044800     43.2341499  63.80000      0.1448020E+20  0.1722628E+20  0.1574869E+20  
 20640     -1.6066600      8.3338299    -11.1395302      0.2905200      0.6203200      0.7285600     64.9044800     43.2341499  63.80000      0.1398142E+20  0.1666855E+20  0.1522161E+20  
 20700     -1.6152700      8.3289700    -11.1522598      0.2905200      0.6203200      0.7285600     64.9044800     43.2341499  63.80000      0.1349024E+20  0.1613947E+20  0.1471148E+20  
 20760     -1.6238900      8.3241100    -11.1649704      0.2905200      0.6203200      0.7285600     64.9044800     43.2341499  63.80000      0.1331326E+20  0.1599263E+20  0.1454732E+20  
 20820     -1.6325001      8.3192196    -11.1776505      0.2905200      0.6203200      0.7285600     64.9044800     43.2341499  63.80000      0.1371945E+20  0.1647009E+20  0.1498727E+20  
 20880     -1.6411000      8.3143101    -11.1903200      0.2905200      0.6203200      0.7285600     64.9044800     43.2341499  63.80000      0.1403878E+20  0.1680409E+20  0.1531461E+20  
 20940     -1.6497101      8.3093996    -11.2029600      0.2905200      0.6203200      0.7285600     64.9044800     43.2341499  63.80000      0.1411855E+20  0.1685357E+20  0.1538137E+20  
 21000     -1.6583101      8.3044596    -11.2155704      0.2905200      0.6203200      0.7285600     64.9044800     43.2341499  63.80000      0.1368596E+20  0.1631570E+20  0.1489995E+20  
 21060     -1.6669101      8.2995100    -11.2281799      0.2905200      0.6203200      0.7285600     64.9044800     43.2341499  63.80000      0.1298827E+20  0.1555398E+20  0.1417073E+20  
 21120     -1.6755000      8.2945404    -11.2407503      0.2905200      0.6203200      0.7285600     64.9044800     43.2341499  63.80000      0.1296809E+20  0.1560458E+20  0.1418224E+20  
 21180     -1.6840900      8.2895603    -11.2532997      0.2905200      0.6203200      0.7285600     64.9044800     43.2341499  63.80000      0.1311707E+20  0.1580110E+20  0.1435310E+20  
 21240     -1.6926800      8.2845602    -11.2658300      0.2905200      0.6203200      0.7285600     64.9044800     43.2341499  64.00000      0.1353412E+20  0.1628701E+20  0.1480268E+20  
 21300     -1.7012600      8.2795401    -11.2783298      0.2905200      0.6203200      0.7285600     64.9044800     43.2341499  64.00000      0.1373507E+20  0.1646903E+20  0.1499598E+20  
 21360     -1.7098500      8.2745199    -11.2908201      0.2905200      0.6203200      0.7285600     64.9044800     43.2341499  64.00000      0.1362513E+20  0.1630445E+20  0.1486123E+20  
 21420     -1.7184200      8.2694702    -11.3032799      0.2905200      0.6203200      0.7285600     64.9044800     43.2341499  64.00000      0.1338094E+20  0.1601594E+20  0.1459657E+20  
 21480     -1.7270000      8.2643995    -11.3157196      0.2905200      0.6203200      0.7285600     64.9044800     43.2341499  64.00000      0.1331846E+20  0.1593832E+20  0.1452732E+20  
 21540     -1.7355700      8.2593298    -11.3281403      0.2905200      0.6203200      0.7285600     64.9044800     43.2341499  64.00000      0.1318320E+20  0.1577680E+20  0.1438004E+20  
 21600     -1.7441400      8.2542295    -11.3405304      0.2905200      0.6203200      0.7285600     64.9044800     43.2341499  64.00000      0.1298817E+20  0.1556220E+20  0.1417517E+20  
 21660     -1.7527100      8.2491198    -11.3529100      0.2905200      0.6203200      0.7285600     64.9044800     43.2341499  64.00000      0.1263816E+20  0.1518228E+20  0.1381006E+20  
 21720     -1.7612700      8.2439899    -11.3652601      0.2905200      0.6203200      0.7285600     64.9044800     43.2341499  64.00000      0.1242249E+20  0.1497802E+20  0.1359855E+20  
 21780     -1.7698300      8.2388496    -11.3775797      0.2905200      0.6203200      0.7285600     64.9044800     43.2341499  64.00000      0.1275719E+20  0.1541030E+20  0.1397805E+20  
 21840     -1.7783900      8.2336998    -11.3898897      0.2905200      0.6203200      0.7285600     64.9044800     43.2341499  64.00000      0.1358105E+20  0.1634818E+20  0.1485571E+20  
 21900     -1.7869400      8.2285204    -11.4021702      0.2905200      0.6203200      0.7285600     64.9044800     43.2341499  64.00000      0.1409380E+20  0.1690255E+20  0.1538853E+20  
 21960     -1.7954900      8.2233295    -11.4144402      0.2905200      0.6203200      0.7285600     64.9044800     43.2341499  64.00000      0.1430804E+20  0.1714890E+20  0.1561828E+20  
 22020     -1.8040400      8.2181301    -11.4266796      0.2905200      0.6203200      0.7285600     64.9044800     43.2341499  64.00000      0.1458522E+20  0.1743332E+20  0.1589990E+20  
 22080     -1.8125800      8.2129097    -11.4388905      0.2905200      0.6203200      0.7285600     64.9044800     43.2341499  64.00000      0.1458935E+20  0.1740460E+20  0.1588932E+20  
 22140     -1.8211200      8.2076702    -11.4510899      0.2905200      0.6203200      0.7285600     64.9044800     43.2341499  64.00000      0.1425801E+20  0.1701438E+20  0.1553018E+20  
 22200     -1.8296601      8.2024202    -11.4632597      0.2905200      0.6203200      0.7285600     64.9044800     43.2341499  64.00000      0.1379939E+20  0.1653265E+20  0.1505957E+20  
 22260     -1.8381900      8.1971502    -11.4754200      0.2905200      0.6203200      0.7285600     64.9044800     43.2341499  64.00000      0.1378141E+20  0.1653648E+20  0.1505149E+20  
 22320     -1.8467200      8.1918697    -11.4875402      0.2905200      0.6203200      0.7285600     64.9044800     43.2341499  64.00000      0.1403450E+20  0.1682656E+20  0.1532228E+20  
 22380     -1.8552500      8.1865702    -11.4996500      0.2905200      0.6203200      0.7285600     64.9044800     43.2341499  64.00000      0.1412918E+20  0.1691172E+20  0.1541330E+20  
 22440     -1.8637700      8.1812601    -11.5117302      0.2905200      0.6203200      0.7285600     64.9044800     43.2341499  64.00000      0.1391980E+20  0.1664237E+20  0.1517662E+20  
 22500     -1.8722900      8.1759300    -11.5237904      0.2905200      0.6203200      0.7285600     64.9044800     43.2341499  64.00000      0.1349908E+20  0.1613988E+20  0.1471787E+20  
 22560     -1.8808100      8.1705904    -11.5358400      0.2905200      0.6203200      0.7285600     64.9044800     43.2341499  64.00000      0.1297836E+20  0.1555309E+20  0.1416583E+20  
 22620     -1.8893200      8.1652298    -11.5478497      0.2905200      0.6203200      0.7285600     64.9044800     43.2341499  64.00000      0.1259423E+20  0.1513193E+20  0.1376390E+20  
 22680     -1.8978400      8.1598597    -11.5598497      0.2905200      0.6203200      0.7285600     64.9044800     43.2341499  64.20000      0.1245800E+20  0.1499674E+20  0.1362771E+20  
 22740     -1.9063400      8.1544704    -11.5718298      0.2905200      0.6203200      0.7285600     64.9044800     43.2341499  64.20000      0.1239495E+20  0.1492439E+20  0.1356009E+20  
 22800     -1.9148500      8.1490602    -11.5837698      0.2905200      0.6203200      0.7285600     64.9044800     43.2341499  64.20000      0.1228761E+20  0.1481125E+20  0.1344953E+20  
 22860     -1.9233500      8.1436501    -11.5957098      0.2905200      0.6203200      0.7285600     64.9044800     43.2341499  64.20000      0.1225272E+20  0.1478767E+20  0.1341950E+20  
 22920     -1.9318399      8.1382103    -11.6076097      0.2905200      0.6203200      0.7285600     64.9044800     43.2341499  64.20000      0.1254095E+20  0.1513590E+20  0.1373571E+20  
 22980     -1.9403400      8.1327600    -11.6195002      0.2905200      0.6203200      0.7285600     64.9044800     43.2341499  64.20000      0.1296550E+20  0.1560419E+20  0.1418142E+20  
 23040     -1.9488300      8.1273003    -11.6313696      0.2905200      0.6203200      0.7285600     64.9044800     43.2341499  64.20000      0.1308199E+20  0.1571357E+20  0.1429514E+20  
 23100     -1.9573100      8.1218204    -11.6431999      0.2905200      0.6203200      0.7285600     64.9044800     43.2341499  64.20000      0.1303056E+20  0.1564602E+20  0.1423629E+20  
 23160     -1.9658000      8.1163301    -11.6550303      0.2905200      0.6203200      0.7285600     64.9044800     43.2341499  64.20000      0.1296136E+20  0.1557071E+20  0.1416390E+20  
 23220     -1.9742800      8.1108198    -11.6668196      0.2905200      0.6203200      0.7285600     64.9044800     43.2341499  64.20000      0.1293196E+20  0.1555116E+20  0.1413864E+20  
 23280     -1.9827600      8.1052904    -11.6786003      0.2905200      0.6203200      0.7285600     64.9044800     43.2341499  64.20000      0.1301033E+20  0.1564967E+20  0.1422641E+20  
 23340     -1.9912300      8.0997601    -11.6903601      0.2905200      0.6203200      0.7285600     64.9044800     43.2341499  64.20000      0.1328149E+20  0.1595905E+20  0.1451598E+20  
 23400     -1.9997000      8.0942001    -11.7020798      0.2905200      0.6203200      0.7285600     64.9044800     43.2341499  64.20000      0.1348254E+20  0.1616081E+20  0.1471818E+20  
 23460     -2.0081601      8.0886402    -11.7138004      0.2905200      0.6203200      0.7285600     64.9044800     43.2341499  64.20000      0.1311147E+20  0.1570646E+20  0.1430852E+20  
 23520     -2.0166299      8.0830498    -11.7254801      0.2905200      0.6203200      0.7285600     64.9044800     43.2341499  64.20000      0.1254883E+20  0.1505772E+20  0.1370525E+20  
 23580     -2.0250900      8.0774603    -11.7371502      0.2905200      0.6203200      0.7285600     64.9044800     43.2341499  64.20000      0.1230440E+20  0.1481129E+20  0.1345910E+20  
 23640     -2.0335400      8.0718498    -11.7488003      0.2905200      0.6203200      0.7285600     64.9044800     43.2341499  64.20000      0.1258520E+20  0.1515026E+20  0.1376700E+20  
 23700     -2.0419900      8.0662203    -11.7604198      0.2905200      0.6203200      0.7285600     64.9044800     43.2341499  64.20000      0.1269409E+20  0.1526109E+20  0.1387709E+20  
 23760     -2.0504401      8.0605803    -11.7720203      0.2905200      0.6203200      0.7285600     64.9044800     43.2341499  64.20000      0.1253666E+20  0.1507830E+20  0.1370765E+20  
 23820     -2.0588901      8.0549202    -11.7835999      0.2905200      0.6203200      0.7285600     64.9044800     43.2341499  64.20000      0.1234084E+20  0.1486390E+20  0.1350272E+20  
 23880     -2.0673299      8.0492496    -11.7951603      0.2905200      0.6203200      0.7285600     64.9044800     43.2341499  64.20000      0.1233303E+20  0.1486547E+20  0.1349914E+20  
 23940     -2.0757699      8.0435696    -11.8066998      0.2905200      0.6203200      0.7285600     64.9044800     43.2341499  64.20000      0.1251547E+20  0.1506940E+20  0.1369214E+20  
 24000     -2.0841999      8.0378704    -11.8182096      0.2905200      0.6203200      0.7285600     64.9044800     43.2341499  64.40000      0.1268108E+20  0.1524203E+20  0.1386183E+20  
 24060     -2.0926399      8.0321598    -11.8297005      0.2905200      0.6203200      0.7285600     64.9044800     43.2341499  64.40000      0.1253167E+20  0.1502882E+20  0.1368369E+20  
 24120     -2.1010599      8.0264301    -11.8411703      0.2905200      0.6203200      0.7285600     64.9044800     43.2341499  64.40000      0.1205070E+20  0.1445755E+20  0.1316052E+20  
 24180     -2.1094899      8.0206900    -11.8526201      0.2905200      0.6203200      0.7285600     64.9044800     43.2341499  64.40000      0.1150350E+20  0.1384620E+20  0.1258257E+20  
 24240     -2.1179099      8.0149298    -11.8640499      0.2905200      0.6203200      0.7285600     64.9044800     43.2341499  64.40000      0.1113909E+20  0.1344917E+20  0.1220226E+20  
 24300     -2.1263199      8.0091600    -11.8754501      0.2905200      0.6203200      0.7285600     64.9044800     43.2341499  64.40000      0.1107750E+20  0.1340863E+20  0.1214983E+20  
 24360     -2.1347401      8.0033798    -11.8868399      0.2905200      0.6203200      0.7285600     64.9044800     43.2341499  64.40000      0.1141572E+20  0.1381053E+20  0.1251771E+20  
 24420     -2.1431501      7.9975801    -11.8982000      0.2905200      0.6203200      0.7285600     64.9044800     43.2341499  64.40000      0.1158216E+20  0.1397919E+20  0.1268551E+20  
 24480     -2.1515501      7.9917698    -11.9095402      0.2905200      0.6203200      0.7285600     64.9044800     43.2341499  64.40000      0.1146064E+20  0.1385243E+20  0.1256105E+20  
 24540     -2.1599600      7.9859400    -11.9208603      0.2905200      0.6203200      0.7285600     64.9044800     43.2341499  64.40000      0.1161864E+20  0.1405679E+20  0.1274021E+20  
 24600     -2.1683500      7.9801002    -11.9321499      0.2905200      0.6203200      0.7285600     64.9044800     43.2341499  64.40000      0.1179741E+20  0.1426419E+20  0.1293224E+20  
 24660     -2.1767499      7.9742398    -11.9434299      0.2905200      0.6203200      0.7285600     64.9044800     43.2341499  64.40000      0.1190200E+20  0.1439620E+20  0.1304932E+20  
 24720     -2.1851399      7.9683700    -11.9546804      0.2905200      0.6203200      0.7285600     64.9044800     43.2341499  64.40000      0.1219526E+20  0.1474326E+20  0.1336770E+20  
 24780     -2.1935301      7.9624901    -11.9659204      0.2905200      0.6203200      0.7285600     64.9044800     43.2341499  64.40000      0.1253961E+20  0.1512555E+20  0.1373034E+20  
 24840     -2.2019100      7.9566002    -11.9771299      0.2905200      0.6203200      0.7285600     64.9044800     43.2341499  64.40000      0.1273539E+20  0.1533599E+20  0.1393343E+20  
 24900     -2.2102900      7.9506798    -11.9883204      0.2905200      0.6203200      0.7285600     64.9044800     43.2341499  64.40000      0.1280034E+20  0.1539588E+20  0.1399635E+20  
 24960     -2.2186699      7.9447598    -11.9994898      0.2905200      0.6203200      0.7285600     64.9044800     43.2341499  64.40000      0.1267071E+20  0.1524627E+20  0.1385729E+20  
 25020     -2.2270401      7.9388199    -12.0106297      0.2905200      0.6203200      0.7285600     64.9044800     43.2341499  64.40000      0.1257022E+20  0.1514709E+20  0.1375704E+20  
 25080     -2.2354100      7.9328699    -12.0217505      0.2905200      0.6203200      0.7285600     64.9044800     43.2341499  64.40000      0.1250231E+20  0.1507573E+20  0.1368733E+20  
 25140     -2.2437799      7.9268999    -12.0328598      0.2905200      0.6203200      0.7285600     64.9044800     43.2341499  64.40000      0.1249398E+20  0.1507514E+20  0.1368246E+20  
 25200     -2.2521400      7.9209199    -12.0439396      0.2905200      0.6203200      0.7285600     64.9044800     43.2341499  64.40000      0.1253263E+20  0.1511801E+20  0.1372313E+20  
 25260     -2.2605000      7.9149299    -12.0550003      0.2905200      0.6203200      0.7285600     64.9044800     43.2341499  64.60000      0.1244852E+20  0.1502023E+20  0.1363260E+20  
 25320     -2.2688501      7.9089198    -12.0660400      0.2905200      0.6203200      0.7285600     64.9044800     43.2341499  64.60000      0.1235483E+20  0.1491537E+20  0.1353360E+20  
 25380     -2.2772000      7.9029002    -12.0770502      0.2905200      0.6203200      0.7285600     64.9044800     43.2341499  64.60000      0.1231644E+20  0.1487646E+20  0.1349485E+20  
 25440     -2.2855501      7.8968701    -12.0880499      0.2905200      0.6203200      0.7285600     64.9044800     43.2341499  64.60000      0.1232584E+20  0.1488869E+20  0.1350555E+20  
 25500     -2.2938900      7.8908100    -12.0990200      0.2905200      0.6203200      0.7285600     64.9044800     43.2341499  64.60000      0.1233358E+20  0.1489954E+20  0.1351467E+20  
 25560     -2.3022299      7.8847499    -12.1099796      0.2905200      0.6203200      0.7285600     64.9044800     43.2341499  64.60000      0.1237757E+20  0.1495745E+20  0.1356495E+20  
 25620     -2.3105700      7.8786802    -12.1209097      0.2905200      0.6203200      0.7285600     64.9044800     43.2341499  64.60000      0.1247615E+20  0.1508729E+20  0.1367743E+20  
 25680     -2.3189001      7.8725901    -12.1318197      0.2905200      0.6203200      0.7285600     64.9044800     43.2341499  64.60000      0.1260274E+20  0.1525850E+20  0.1382401E+20  
 25740     -2.3272300      7.8664899    -12.1427097      0.2905200      0.6203200      0.7285600     64.9044800     43.2341499  64.60000      0.1281416E+20  0.1553411E+20  0.1406466E+20  
 25800     -2.3355501      7.8603702    -12.1535702      0.2905200      0.6203200      0.7285600     64.9044800     43.2341499  64.60000      0.1337107E+20  0.1619359E+20  0.1466958E+20  
 25860     -2.3438699      7.8542399    -12.1644201      0.2905200      0.6203200      0.7285600     64.9044800     43.2341499  64.60000      0.1411429E+20  0.1700693E+20  0.1544687E+20  
 25920     -2.3521900      7.8481002    -12.1752396      0.2905200      0.6203200      0.7285600     64.9044800     43.2341499  64.60000      0.1429630E+20  0.1717445E+20  0.1562318E+20  
 25980     -2.3605001      7.8419399    -12.1860399      0.2905200      0.6203200      0.7285600     64.9044800     43.2341499  64.60000      0.1424950E+20  0.1709504E+20  0.1556199E+20  
 26040     -2.3688099      7.8357701    -12.1968298      0.2905200      0.6203200      0.7285600     64.9044800     43.2341499  64.60000      0.1407918E+20  0.1687740E+20  0.1537032E+20  
 26100     -2.3771200      7.8295898    -12.2075796      0.2905200      0.6203200      0.7285600     64.9044800     43.2341499  64.60000      0.1387377E+20  0.1661196E+20  0.1513765E+20  
 26160     -2.3854201      7.8233900    -12.2183304      0.2905200      0.6203200      0.7285600     64.9044800     43.2341499  64.60000      0.1342428E+20  0.1607813E+20  0.1464888E+20  
 26220     -2.3937099      7.8171802    -12.2290401      0.2905200      0.6203200      0.7285600     64.9044800     43.2341499  64.60000      0.1258663E+20  0.1512461E+20  0.1375651E+20  
 26280     -2.4020100      7.8109598    -12.2397404      0.2905200      0.6203200      0.7285600     64.9044800     43.2341499  64.60000      0.1191421E+20  0.1438487E+20  0.1305160E+20  
 26340     -2.4103000      7.8047299    -12.2504101      0.2905200      0.6203200      0.7285600     64.9044800     43.2341499  64.60000      0.1167242E+20  0.1413059E+20  0.1280327E+20  
 26400     -2.4185801      7.7984800    -12.2610598      0.2905200      0.6203200      0.7285600     64.9044800     43.2341499  64.60000      0.1163412E+20  0.1409975E+20  0.1276797E+20  
 26460     -2.4268701      7.7922201    -12.2716999      0.2905200      0.6203200      0.7285600     64.9044800     43.2341499  64.60000      0.1164030E+20  0.1413457E+20  0.1278673E+20  
 26520     -2.4351399      7.7859402    -12.2823095      0.2905200      0.6203200      0.7285600     64.9044800     43.2341499  64.80000      0.1192718E+20  0.1448247E+20  0.1310173E+20  
 26580     -2.4434199      7.7796502    -12.2929001      0.2905200      0.6203200      0.7285600     64.9044800     43.2341499  64.80000      0.1225455E+20  0.1486134E+20  0.1345296E+20  
 26640     -2.4516900      7.7733498    -12.3034697      0.2905200      0.6203200      0.7285600     64.9044800     43.2341499  64.80000      0.1257461E+20  0.1525421E+20  0.1380642E+20  
 26700     -2.4599500      7.7670298    -12.3140097      0.2905200      0.6203200      0.7285600     64.9044800     43.2341499  64.80000      0.1312410E+20  0.1589340E+20  0.1439793E+20  
 26760     -2.4682200      7.7607098    -12.3245401      0.2905200      0.6203200      0.7285600     64.9044800     43.2341499  64.80000      0.1357830E+20  0.1640645E+20  0.1488017E+20  
 26820     -2.4764800      7.7543702    -12.3350401      0.2905200      0.6203200      0.7285600     64.9044800     43.2341499  64.80000      0.1406117E+20  0.1694143E+20  0.1538834E+20  
 26880     -2.4847300      7.7480102    -12.3455200      0.2905200      0.6203200      0.7285600     64.9044800     43.2341499  64.80000      0.1430002E+20  0.1716549E+20  0.1562150E+20  
 26940     -2.4929800      7.7416501    -12.3559904      0.2905200      0.6203200      0.7285600     64.9044800     43.2341499  64.80000      0.1416389E+20  0.1698339E+20  0.1546431E+20  
 27000     -2.5012300      7.7352700    -12.3664303      0.2905200      0.6203200      0.7285600     64.9044800     43.2341499  64.80000      0.1375031E+20  0.1652267E+20  0.1502833E+20  
 27060     -2.5094700      7.7288799    -12.3768501      0.2905200      0.6203200      0.7285600     64.9044800     43.2341499  64.80000      0.1333645E+20  0.1605412E+20  0.1458861E+20  
 27120     -2.5177100      7.7224698    -12.3872499      0.2905200      0.6203200      0.7285600     64.9044800     43.2341499  64.80000      0.1297547E+20  0.1564582E+20  0.1420521E+20  
 27180     -2.5259399      7.7160602    -12.3976202      0.2905200      0.6203200      0.7285600     64.9044800     43.2341499  64.80000      0.1277044E+20  0.1542474E+20  0.1399226E+20  
 27240     -2.5341699      7.7096300    -12.4079800      0.2905200      0.6203200      0.7285600     64.9044800     43.2341499  64.80000      0.1269208E+20  0.1534431E+20  0.1391279E+20  
 27300     -2.5423999      7.7031798    -12.4183102      0.2905200      0.6203200      0.7285600     64.9044800     43.2341499  64.80000      0.1274554E+20  0.1541373E+20  0.1397340E+20  
 27360     -2.5506201      7.6967301    -12.4286299      0.2905200      0.6203200      0.7285600     64.9044800     43.2341499  64.80000      0.1281608E+20  0.1551133E+20  0.1405589E+20  
 27420     -2.5588400      7.6902599    -12.4389200      0.2905200      0.6203200      0.7285600     64.9044800     43.2341499  64.80000      0.1279038E+20  0.1550576E+20  0.1403874E+20  
 27480     -2.5670600      7.6837802    -12.4491901      0.2905200      0.6203200      0.7285600     64.9044800     43.2341499  64.80000      0.1283503E+20  0.1558960E+20  0.1410085E+20  
 27540     -2.5752699      7.6772900    -12.4594498      0.2905200      0.6203200      0.7285600     64.9044800     43.2341499  64.80000      0.1338984E+20  0.1625014E+20  0.1470489E+20  
 27600     -2.5834701      7.6707802    -12.4696703      0.2905200      0.6203200      0.7285600     64.9044800     43.2341499  64.80000      0.1415765E+20  0.1711587E+20  0.1551920E+20  
 27660     -2.5916800      7.6642599    -12.4798899      0.2905200      0.6203200      0.7285600     64.9044800     43.2341499  65.00000      0.1458832E+20  0.1757687E+20  0.1596525E+20  
 27720     -2.5998700      7.6577301    -12.4900703      0.2905200      0.6203200      0.7285600     64.9044800     43.2341499  65.00000      0.1471125E+20  0.1768782E+20  0.1608364E+20  
 27780     -2.6080699      7.6511898    -12.5002403      0.2905200      0.6203200      0.7285600     64.9044800     43.2341499  65.00000      0.1449924E+20  0.1741234E+20  0.1584268E+20  
 27840     -2.6162601      7.6446300    -12.5103903      0.2905200      0.6203200      0.7285600     64.9044800     43.2341499  65.00000      0.1402430E+20  0.1684514E+20  0.1532465E+20  
 27900     -2.6244500      7.6380601    -12.5205097      0.2905200      0.6203200      0.7285600     64.9044800     43.2341499  65.00000      0.1336705E+20  0.1612117E+20  0.1463516E+20  
 27960     -2.6326301      7.6314802    -12.5306196      0.2905200      0.6203200      0.7285600     64.9044800     43.2341499  65.00000      0.1313716E+20  0.1589386E+20  0.1440561E+20  
 28020     -2.6408100      7.6248899    -12.5406904      0.2905200      0.6203200      0.7285600     64.9044800     43.2341499  65.00000      0.1329526E+20  0.1609985E+20  0.1458542E+20  
 28080     -2.6489799      7.6182799    -12.5507603      0.2905200      0.6203200      0.7285600     64.9044800     43.2341499  65.00000      0.1342440E+20  0.1625786E+20  0.1472774E+20  
 28140     -2.6571500      7.6116700    -12.5607996      0.2905200      0.6203200      0.7285600     64.9044800     43.2341499  65.00000      0.1347869E+20  0.1632914E+20  0.1478991E+20  
 28200     -2.6653199      7.6050301    -12.5708199      0.2905200      0.6203200      0.7285600     64.9044800     43.2341499  65.00000      0.1374278E+20  0.1663494E+20  0.1507368E+20  
 28260     -2.6734800      7.5983901    -12.5808201      0.2905200      0.6203200      0.7285600     64.9044800     43.2341499  65.00000      0.1415018E+20  0.1709256E+20  0.1550471E+20  
 28320     -2.6816399      7.5917401    -12.5907898      0.2905200      0.6203200      0.7285600     64.9044800     43.2341499  65.00000      0.1416600E+20  0.1710175E+20  0.1551737E+20  
 28380     -2.6897900      7.5850701    -12.6007500      0.2905200      0.6203200      0.7285600     64.9044800     43.2341499  65.00000      0.1406880E+20  0.1701216E+20  0.1542310E+20  
 28440     -2.6979401      7.5783901    -12.6106901      0.2905200      0.6203200      0.7285600     64.9044800     43.2341499  65.00000      0.1441525E+20  0.1743213E+20  0.1580383E+20  
 28500     -2.7060800      7.5717001    -12.6205997      0.2905200      0.6203200      0.7285600     64.9044800     43.2341499  65.00000      0.1480809E+20  0.1785304E+20  0.1621078E+20  
 28560     -2.7142301      7.5650001    -12.6304998      0.2905200      0.6203200      0.7285600     64.9044800     43.2341499  65.00000      0.1487545E+20  0.1791047E+20  0.1627428E+20  
 28620     -2.7223599      7.5582800    -12.6403704      0.2905200      0.6203200      0.7285600     64.9044800     43.2341499  65.00000      0.1475539E+20  0.1774919E+20  0.1613548E+20  
 28680     -2.7304900      7.5515499    -12.6502199      0.2905200      0.6203200      0.7285600     64.9044800     43.2341499  65.00000      0.1442704E+20  0.1736081E+20  0.1577901E+20  
 28740     -2.7386200      7.5448198    -12.6600599      0.2905200      0.6203200      0.7285600     64.9044800     43.2341499  65.00000      0.1408992E+20  0.1698640E+20  0.1542376E+20  
 28800     -2.7467501      7.5380602    -12.6698599      0.2905200      0.6203200      0.7285600     64.9044800     43.2341499  65.20000      0.1384524E+20  0.1675299E+20  0.1518299E+20  
 28860     -2.7548699      7.5313001    -12.6796598      0.2905200      0.6203200      0.7285600     64.9044800     43.2341499  65.20000      0.1376906E+20  0.1669108E+20  0.1511306E+20  
 28920     -2.7629800      7.5245199    -12.6894197      0.2905200      0.6203200      0.7285600     64.9044800     43.2341499  65.20000      0.1405585E+20  0.1702389E+20  0.1542128E+20  
 28980     -2.7711000      7.5177398    -12.6991701      0.2905200      0.6203200      0.7285600     64.9044800     43.2341499  65.20000      0.1447161E+20  0.1750756E+20  0.1586875E+20  
 29040     -2.7792001      7.5109401    -12.7089005      0.2905200      0.6203200      0.7285600     64.9044800     43.2341499  65.20000      0.1449182E+20  0.1752351E+20  0.1588707E+20  
 29100     -2.7873099      7.5041299    -12.7186003      0.2905200      0.6203200      0.7285600     64.9044800     43.2341499  65.20000      0.1432631E+20  0.1734252E+20  0.1571415E+20  
 29160     -2.7954099      7.4973001    -12.7282896      0.2905200      0.6203200      0.7285600     64.9044800     43.2341499  65.20000      0.1449852E+20  0.1754651E+20  0.1590150E+20  
 29220     -2.8034999      7.4904699    -12.7379599      0.2905200      0.6203200      0.7285600     64.9044800     43.2341499  65.20000      0.1457153E+20  0.1759367E+20  0.1596329E+20  
 29280     -2.8115900      7.4836202    -12.7475996      0.2905200      0.6203200      0.7285600     64.9044800     43.2341499  65.20000      0.1443078E+20  0.1741423E+20  0.1580468E+20  
 29340     -2.8196800      7.4767599    -12.7572298      0.2905200      0.6203200      0.7285600     64.9044800     43.2341499  65.20000      0.1437176E+20  0.1736092E+20  0.1574800E+20  
 29400     -2.8277600      7.4698901    -12.7668200      0.2905200      0.6203200      0.7285600     64.9044800     43.2341499  65.20000      0.1436817E+20  0.1736532E+20  0.1574807E+20  
 29460     -2.8358400      7.4630098    -12.7764101      0.2905200      0.6203200      0.7285600     64.9044800     43.2341499  65.20000      0.1434724E+20  0.1734566E+20  0.1572759E+20  
 29520     -2.8439100      7.4561200    -12.7859697      0.2905200      0.6203200      0.7285600     64.9044800     43.2341499  65.20000      0.1413520E+20  0.1710526E+20  0.1550197E+20  
 29580     -2.8519800      7.4492102    -12.7955103      0.2905200      0.6203200      0.7285600     64.9044800     43.2341499  65.20000      0.1404167E+20  0.1700699E+20  0.1540586E+20  
 29640     -2.8600500      7.4422898    -12.8050299      0.2905200      0.6203200      0.7285600     64.9044800     43.2341499  65.20000      0.1423813E+20  0.1724397E+20  0.1562106E+20  
 29700     -2.8681099      7.4353600    -12.8145304      0.2905200      0.6203200      0.7285600     64.9044800     43.2341499  65.20000      0.1463385E+20  0.1771199E+20  0.1605043E+20  
 29760     -2.8761599      7.4284301    -12.8240099      0.2905200      0.6203200      0.7285600     64.9044800     43.2341499  65.20000      0.1507224E+20  0.1820716E+20  0.1651567E+20  
 29820     -2.8842199      7.4214702    -12.8334599      0.2905200      0.6203200      0.7285600     64.9044800     43.2341499  65.20000      0.1518733E+20  0.1832010E+20  0.1663003E+20  
 29880     -2.8922601      7.4145098    -12.8429003      0.2905200      0.6203200      0.7285600     64.9044800     43.2341499  65.40000      0.1509618E+20  0.1823472E+20  0.1654097E+20  
 29940     -2.9003100      7.4075298    -12.8523197      0.2905200      0.6203200      0.7285600     64.9044800     43.2341499  65.40000      0.1548032E+20  0.1869386E+20  0.1696006E+20  
 30000     -2.9083500      7.4005499    -12.8617096      0.2905200      0.6203200      0.7285600     64.9044800     43.2341499  65.40000      0.1588192E+20  0.1912847E+20  0.1737758E+20  
 30060     -2.9163799      7.3935499    -12.8710899      0.2905200      0.6203200      0.7285600     64.9044800     43.2341499  65.40000      0.1604203E+20  0.1931727E+20  0.1755094E+20  
 30120     -2.9244101      7.3865399    -12.8804398      0.2905200      0.6203200      0.7285600     64.9044800     43.2341499  65.40000      0.1610257E+20  0.1940577E+20  0.1762418E+20  
 30180     -2.9324400      7.3795199    -12.8897800      0.2905200      0.6203200      0.7285600     64.9044800     43.2341499  65.40000      0.1601345E+20  0.1929717E+20  0.1752612E+20  
 30240     -2.9404600      7.3724899    -12.8990898      0.2905200      0.6203200      0.7285600     64.9044800     43.2341499  65.40000      0.1602636E+20  0.1929372E+20  0.1753183E+20  
 30300     -2.9484799      7.3654399    -12.9083796      0.2905200      0.6203200      0.7285600     64.9044800     43.2341499  65.40000      0.1604964E+20  0.1931520E+20  0.1755450E+20  
 30360     -2.9564900      7.3583899    -12.9176598      0.2905200      0.6203200      0.7285600     64.9044800     43.2341499  65.40000      0.1603564E+20  0.1929367E+20  0.1753702E+20  
 30420     -2.9645000      7.3513198    -12.9269104      0.2905200      0.6203200      0.7285600     64.9044800     43.2341499  65.40000      0.1591781E+20  0.1915652E+20  0.1741002E+20  
 30480     -2.9725101      7.3442402    -12.9361401      0.2905200      0.6203200      0.7285600     64.9044800     43.2341499  65.40000      0.1575502E+20  0.1899166E+20  0.1724565E+20  
 30540     -2.9805100      7.3371601    -12.9453497      0.2905200      0.6203200      0.7285600     64.9044800     43.2341499  65.40000      0.1590928E+20  0.1918192E+20  0.1741671E+20  
 30600     -2.9885001      7.3300500    -12.9545403      0.2905200      0.6203200      0.7285600     64.9044800     43.2341499  65.40000      0.1615547E+20  0.1945095E+20  0.1767399E+20  
 30660     -2.9964900      7.3229399    -12.9637098      0.2905200      0.6203200      0.7285600     64.9044800     43.2341499  65.40000      0.1607122E+20  0.1934357E+20  0.1757921E+20  
 30720     -3.0044799      7.3158202    -12.9728603      0.2905200      0.6203200      0.7285600     64.9044800     43.2341499  65.40000      0.1583291E+20  0.1906527E+20  0.1732217E+20  
 30780     -3.0124600      7.3086901    -12.9819803      0.2905200      0.6203200      0.7285600     64.9044800     43.2341499  65.40000      0.1559137E+20  0.1879282E+20  0.1706592E+20  
 30840     -3.0204401      7.3015399    -12.9911003      0.2905200      0.6203200      0.7285600     64.9044800     43.2341499  65.40000      0.1559421E+20  0.1880457E+20  0.1707270E+20  
 30900     -3.0284200      7.2943802    -13.0001802      0.2905200      0.6203200      0.7285600     64.9044800     43.2341499  65.60000      0.1571483E+20  0.1895006E+20  0.1720489E+20  
